EpLenMean,EpRewMean,EpThisIter,EpisodesSoFar,TimeElapsed,TimestepsSoFar,ev_tdlam_before,loss_ent,loss_kl,loss_pol_entpen,loss_pol_surr,loss_vf_loss
nan,nan,0,0,11.672231912612915,0,0.004802107810974121,1.2444993,0.15321934,0.0,-0.16823405,17489.25
2920.5,-16221.69663708096,2,2,23.484270334243774,5841,-0.3030891418457031,1.117368,0.27035698,0.0,-0.105048336,2331.4226
3451.0,-28152.19014340539,1,3,32.52338528633118,10353,-0.09364283084869385,0.9213343,0.072653204,0.0,-0.1585376,60570.55
2517.0,-20382.255070740157,3,6,53.343342542648315,15102,-0.06844639778137207,0.7861088,0.7047903,0.0,-0.12106802,14355.208
2273.6666666666665,-20509.628780931453,3,9,76.57108902931213,20463,0.0020782947540283203,0.6004756,0.13007922,0.0,-0.16678424,64174.2
2085.4545454545455,-19520.606516797245,2,11,99.50829315185547,22940,0.00011336803436279297,0.44239601,0.056748644,0.0,-0.13209757,37473.406
1964.5714285714287,-18992.3715565711,3,14,123.35265636444092,27504,-0.002008795738220215,0.33181757,0.2846192,0.0,-0.118421815,36467.844
1923.4117647058824,-19077.956440755555,3,17,142.12158823013306,32698,-1.3589859008789062e-05,0.2500384,0.057465076,0.0,-0.12068809,53110.586
1934.9473684210527,-20011.521277822194,2,19,157.0118646621704,36764,3.6954879760742188e-06,0.16525176,0.042071722,0.0,-0.1160633,66212.49
1871.0,-19541.233488326652,1,20,167.3027753829956,37420,-1.728534698486328e-05,0.120361194,0.02727092,0.0,-0.059108447,22236.143
2109.904761904762,-22388.744443804448,1,21,176.5204303264618,44308,-3.3974647521972656e-05,0.029420376,0.041234273,0.0,-0.11491875,65764.07
1948.2,-20820.616411504616,4,25,242.16117238998413,48705,-0.00058746337890625,-0.008043885,0.03600062,0.0,-0.043004926,35735.59
1921.0,-21195.785205073662,2,27,272.3281145095825,51867,-2.4318695068359375e-05,-0.03764926,0.0051163835,0.0,-0.008368896,69370.38
1971.0689655172414,-22277.265129263626,2,29,302.1063973903656,57161,1.0609626770019531e-05,-0.08504218,0.006088188,0.0,-0.012465201,67998.695
1940.0645161290322,-22108.939846545036,2,31,333.841703414917,60142,-4.76837158203125e-06,-0.137405,0.06715773,0.0,-0.030321896,38372.227
1923.5882352941176,-21735.46907041542,3,34,360.93106412887573,65402,9.894371032714844e-06,-0.20207977,0.02841986,0.0,-0.082446456,38824.227
1814.7105263157894,-20710.743385927522,4,38,411.603346824646,68959,2.8312206268310547e-05,-0.23684406,0.04428905,0.0,-0.05287546,42804.926
1711.0232558139535,-19390.001850007637,5,43,441.1498727798462,73574,-4.458427429199219e-05,-0.26500028,0.017847966,0.0,-0.08925421,33607.42
1613.7708333333333,-18062.381832812458,5,48,494.94325947761536,77461,2.390146255493164e-05,-0.27089143,0.02209164,0.0,-0.04068963,18272.938
1509.5740740740741,-16896.297302583636,6,54,556.0202429294586,81517,3.1054019927978516e-05,-0.29589102,0.010076165,0.0,-0.09006458,40801.703
1514.4285714285713,-16835.939657189323,2,56,584.0271596908569,84808,2.1338462829589844e-05,-0.31183553,0.048604276,0.0,-0.057213593,24262.732
1522.322033898305,-16964.551966699386,3,59,624.9040770530701,89817,1.2159347534179688e-05,-0.33902186,0.10737025,0.0,-0.07600439,48015.74
1487.4761904761904,-16512.51659978867,4,63,683.6188640594482,93711,2.47955322265625e-05,-0.352082,0.16930397,0.0,-0.07794575,33735.223
1400.7857142857142,-15596.809778671548,7,70,775.4221227169037,98055,3.635883331298828e-05,-0.37797913,0.04978721,0.0,-0.075793415,31517.346
1319.2597402597403,-14607.173862938253,7,77,847.8349575996399,101583,2.4080276489257812e-05,-0.39865106,0.01494614,0.0,-0.067821525,25036.186
1229.0697674418604,-13553.297840044546,9,86,910.8516352176666,105700,1.3709068298339844e-06,-0.42207718,0.04626974,0.0,-0.081217535,24100.764
1181.279569892473,-13076.042680864706,7,93,954.2440202236176,109859,-3.814697265625e-06,-0.43918434,0.09237288,0.0,-0.07300808,38006.438
1176.381443298969,-12920.012898253524,4,97,989.7903518676758,114109,-1.5735626220703125e-05,-0.44887936,0.11665165,0.0,-0.072723106,22553.746
1166.8,-12749.489041580426,3,100,1010.31498670578,116680,2.5093555450439453e-05,-0.45581993,0.043268118,0.0,-0.059098743,15615.072
1101.46,-12171.328926931305,3,103,1033.1076455116272,120499,-2.6345252990722656e-05,-0.4709053,0.3054268,0.0,-0.07826159,16935.59
1105.78,-12209.907898237865,1,104,1043.0655934810638,122906,-0.0027114152908325195,-0.47967863,0.031618178,0.0,0.010522713,1969.9968
1133.83,-12565.215702386971,3,107,1086.2113127708435,129778,2.378225326538086e-05,-0.47979027,0.039020095,0.0,-0.11556704,55487.516
1125.5,-12495.863259244277,3,110,1124.6693749427795,134081,0.00022107362747192383,-0.48041347,0.009996451,0.0,-0.0886596,28651.521
1129.21,-12477.675901761238,2,112,1146.438637495041,137527,-5.6862831115722656e-05,-0.48175624,0.010893122,0.0,-0.047015555,16665.297
1147.76,-12552.191256635017,2,114,1163.812370300293,142280,-3.814697265625e-06,-0.48205373,0.004788605,0.0,-0.0058506373,31365.723
1135.59,-12441.001068369871,1,115,1181.3447122573853,143365,5.841255187988281e-05,-0.48398793,0.0709147,0.0,-0.08109797,23722.207
1157.55,-12486.331097593957,1,116,1195.6650812625885,147459,0.0001844167709350586,-0.48513988,0.10504759,0.0,-0.07499988,10134.817
1209.5,-12972.238365625937,2,118,1222.1157908439636,155241,-2.8848648071289062e-05,-0.48999262,0.3018817,0.0,-0.07828663,45886.156
1153.18,-12460.886166952125,3,121,1270.7335042953491,159626,8.058547973632812e-05,-0.49156618,0.15588509,0.0,-0.1152983,51937.6
1147.01,-12392.515744139448,1,122,1279.0610234737396,159768,0.00019407272338867188,-0.49136388,0.004288043,0.0,-0.003906761,7409.4346
1183.13,-12675.938488140491,3,125,1310.9777088165283,167018,1.9669532775878906e-06,-0.49566984,0.07984988,0.0,-0.08216713,38407.438
1144.66,-11913.745791566966,4,129,1347.0566351413727,171627,2.4974346160888672e-05,-0.5013833,0.0049665975,0.0,-0.031055642,24368.045
1145.16,-12002.326216595213,2,131,1365.0207335948944,174658,1.4185905456542969e-05,-0.5092579,0.36708426,0.0,-0.081346095,41544.465
1160.79,-12120.897907175957,2,133,1386.1359086036682,179708,2.5093555450439453e-05,-0.5168109,0.09927867,0.0,-0.06618851,24414.06
1161.16,-12156.089870435064,1,134,1404.1407933235168,181518,7.927417755126953e-06,-0.5237066,0.0019775769,0.0,-0.004610548,40152.58
1187.99,-12394.731131074224,3,137,1433.3444623947144,187131,3.802776336669922e-05,-0.5316453,0.6564656,0.0,-0.09047063,21986.088
1187.99,-12394.731131074224,0,137,1436.7285845279694,187131,3.24249267578125e-05,-0.53522456,0.37387094,0.0,-0.060121935,2185.2314
1232.14,-12447.46158339256,2,139,1448.216602563858,193675,-3.24249267578125e-05,-0.5409278,0.029573247,0.0,0.01044759,5883.2764
1272.23,-12938.597693798833,3,142,1483.6682279109955,200515,-1.1920928955078125e-06,-0.54420805,0.004733504,0.0,-0.004300978,36724.426
1305.38,-13363.552142532619,1,143,1502.944972038269,204112,3.3855438232421875e-05,-0.54143184,0.0041712476,0.0,-0.004525921,26104.74
1340.31,-13778.53156673627,1,144,1518.2011573314667,207836,5.1081180572509766e-05,-0.5487672,0.11588224,0.0,-0.03670164,27849.95
1343.7,-13865.81109575115,2,146,1532.4537444114685,210360,-2.872943878173828e-05,-0.55731547,0.40658513,0.0,-0.059952956,22372.855
1384.85,-14294.095266472048,2,148,1553.1861746311188,215946,2.7418136596679688e-06,-0.56652695,0.7352708,0.0,-0.06531021,22804.828
1405.26,-14522.126581097244,2,150,1577.0273687839508,219100,-2.7894973754882812e-05,-0.5724433,0.42392004,0.0,-0.067711934,22879.69
1440.62,-14755.539189029001,2,152,1603.448016166687,223846,-7.033348083496094e-06,-0.57465994,0.047649633,0.0,-0.018787315,6552.905
1460.27,-15016.461309825445,3,155,1644.7367901802063,228501,5.185604095458984e-06,-0.58116114,0.29369193,0.0,-0.057297643,29349.97
1445.99,-14817.121367369706,1,156,1652.9653532505035,229407,-0.00026535987854003906,-0.5865025,0.007016833,0.0,0.011304854,5504.978
1474.52,-15100.335633414059,1,157,1669.3796088695526,234569,-8.463859558105469e-06,-0.58634406,0.001033245,0.0,-0.00076052477,27982.64
1491.08,-15149.360017438054,2,159,1696.747650384903,238925,-4.6133995056152344e-05,-0.59109455,0.12745966,0.0,-0.02934294,29916.168
1520.1,-15497.326860825613,2,161,1726.2338383197784,244052,0.00029927492141723633,-0.5916324,0.00020907364,0.0,-0.00067958713,10650.651
1549.02,-16008.868913500228,2,163,1758.331016778946,248613,-5.9604644775390625e-06,-0.5915948,0.008703405,0.0,9.481952e-05,46077.66
1579.93,-16389.296246879214,2,165,1773.9900810718536,252567,7.987022399902344e-06,-0.60074496,1.4337252,0.0,-0.08830758,41909.31
1607.35,-16811.245311628954,3,168,1805.9647436141968,257314,-4.5299530029296875e-06,-0.6092988,6.5721745,0.0,0.06078922,31066.852
1634.35,-17327.09236724577,4,172,1867.6326880455017,261954,1.049041748046875e-05,-0.609773,0.038890414,0.0,-0.10929175,68018.66
1646.51,-17652.89638581858,5,177,1920.002518415451,266234,1.1265277862548828e-05,-0.6128766,0.052068014,0.0,-0.10409027,48603.754
1667.85,-18014.05750611463,3,180,1956.2043578624725,269762,2.014636993408203e-05,-0.61782426,0.09630547,0.0,-0.101799965,40530.234
1695.64,-18631.665011972054,4,184,2027.6565115451813,274286,1.329183578491211e-05,-0.61943936,0.019014228,0.0,-0.0942617,67281.64
